2161
972
433
864
973
1188
1081
324
756
648
324
757
1080
973
756
973
864
865
1188
865
432
972
324
432
540
973
972
757
756
649
756
648
756
432
973
648
757
756
433
756
756
973
864
541
756
973
756
540
433
864
1081
864
757
1080
865
648
1081
972
1297
864
324
972
324
757
756
757
864
1189
324
216
649
756
757
864
865
756
972
972
756
433
972
865
648
973
864
540
865
648
649
756
756
865
1297
756
1081
648
756
756
756
865
756
865
1405
972
865
864
757
864
865
972
1081
864
432
972
1081
972
973
864
973
864
1081
756
541
756
864
864
1405
864
1081
756
865
324
865
648
1081
756
864
972
757
756
757
648
756
1081
864
433
864
973
756
973
1080
865
972
865
756
973
864
648
1296
865
540
756
972
540
756
864
649
1404
756
864
864
756
757
864
865
1296
865
972
973
864
973
972
649
1080
757
648
757
432
756
757
864
865
1188
865
756
649
756
648
865
864
1405
757
972
756
756
756
649
864
865
864
649
1080
649
54133
1188
864
757
1080
865
972
1081
972
865
972
973
756
325
864
973
972
865
756
540
541
864
865
432
973
864
757
756
756
757
756
865
1080
432
864
649
972
865
540
1080
864
864
1080
648
756
973
2701
1080
648
864
864
864
324
540
864
865
1405
864
432
649
540
864
756
540
0
649
1080
649
540
865
1080
1081
972
649
972
865
1188
757
864
757
756
648
1297
757
864
648
864
864
973
756
1297
973
756
756
972
864
649
648
757
1404
1081
1080
972
1189
972
973
1188
757
648
865
756
973
648
756
433
1080
865
432
540
649
972
865
756
865
1188
757
864
756
864
864
865
864
1405
973
864
648
864
972
864
540
973
432
864
648
756
433
756
865
756
540
1081
972
756
864
865
972
865
972
1189
648
757
540
757
756
540
433
864
649
864
432
756
1080
1512
865
756
1189
864
757
756
865
648
864
864
1297
1188
757
540
649
756
648
757
648
1081
756
649
540
864
757
864
865
756
757
864
973
864
432
865
756
649
1296
1081
864
756
756
865
756
757
648
757
108
756
541
864
756
757
756
757
1296
864
864
973
756
865
756
865
864
865
756
1297
756
973
648
865
1080
649
756
757
864
757
648
756
865
540
865
864
757
648
757
864
648
756
1080
756
972
757
864
865
864
973
972
1296
757
864
757
648
756
1297
973
864
757
756
324
973
324
864
1081
865
