1747
291
486
194
679
291
388
389
1359
874
388
680
291
97
194
485
1068
97169
389
291
195
777
97
1553
194
388
194
291
1068
194
97
194
195
97
97
97
194
680
97
388
194
291
195
97
194
291
292
291
194
486
97
777
1456
291
194
291
194
873
291
388
680
389
486
292
486
291
874
291
291
1068
291
194
1359
680
291
194
195
485
291
98
291
97
97
0
194
195
97
680
486
194
97
194
97
194
291
194
776
1165
680
388
22521
874
2912
776
291
971
291
194
1747
485
485
971
97
194
680
486
388
194
194
97
388
1068
388
777
194
679
291
291
1359
388
582
291
194
2136
388
97
486
1262
388
388
776
485
485
583
680
582
291
292
874
195
1359
582
582
194
1359
874
194
971
194
485
97
582
1359
1359
388
485
486
1747
194
582
292
194
388
194
582
389
194
1553
582
97
2136
291
97
388
97
776
292
194
195
874
194
582
679
194
680
292
194
291
291
97
485
292
679
1554
291
97
583
2039
194
582
388
680
1165
291
486
292
194
291
194
1359
291
291
1068
1359
583
291
582
486
2039
388
291
486
583
1262
194
1262
680
291
486
485
1262
485
194
194
582
291
1262
2329
486
195
1068
388
485
679
1651
291
194
1262
582
97
194
388
291
291
97
583
776
582
583
1262
3010
97
7572
485
971
97
1262
776
388
291
5048
1359
777
3106
388
1262
195
194
291
194
1553
583
3592
388
292
1747
971
485
776
485
291
388
873
680
388
291
291
874
680
1942
1068
485
2427
485
388
486
291
485
485
1553
582
680
5048
1941
680
485
1844
194
194
1553
194
1650
194
194
194
291
1942
194
97
582
3980
194
194
291
194
6212
486
97
194
1748
97
1844
97
291
194
194
1262
97
388
97
194
1068
194
97
291
194
388
389
971
776
97
97
97
97
194
97
97
292
194
1068
485
97
291
874
1067
583
195
194
97
486
97
291
194
291
194
1165
388
97
195
1553
485
0
194
388
291
1165
97
679
97
291
291
291
194
194
194
1359
388
97
971
291
97
291
194
1165
292
388
97
1068
485
291
194
97
292
97
194
194
1456
97
1067
97
194
97
291
874
97
194
485
291
1165
194
291
194
97
97
873
777
388
195
485
97
291
97
195
194
873
97
2038
485
291
291
777
486
388
680
98
388
582
195
194
194
97
1262
388
292
194
97
194
194
679
195
194
1165
1067
291
195
194
680
97
194
485
291
1165
485
97
194
388
194
194
194
583
874
1261
195
97
388
485
777
291
486
97
97
292
291
97
971
582
291
1457
291
194
194
291
1359
194
194
194
97
486
194
874
97
389
194
97
97
97
1359
486
388
97
388
971
1844
194
194
388
292
194
874
971
97
291
194
583
388
1165
582
485
194
485
1553
485
971
194
1456
194
291
291
97
97
1165
0
291
97
389
292
194
291
195
873
485
97
97
194
970
291
291
195
291
970
582
291
194
1261
485
194
485
970
874
291
97
679
291
971
291
292
486
194
194
291
1262
2038
486
195
291
97
873
388
195
194
292
97
388
680
680
389
194
3786
1650
874
485
291
194
97
194
97
194
1359
874
97
194
388
194
194
583
292
291
194
486
194
776
1067
291
97
97
291
194
388
291
291
776
194
486
194
194
194
291
583
777
194
1262
97
388
194
194
194
194
195
97
1262
194
873
97
389
486
97
97
292
194
970
679
291
292
194
485
291
194
292
195
194
194
679
291
776
485
582
97
291
874
388
486
291
194
291
291
195
777
680
291
291
97
1068
486
389
291
194
194
194
486
194
874
195
292
194
291
485
1456
582
388
97
194
291
195
194
97
194
195
194
1456
97
291
97
194
971
292
292
680
486
194
194
194
388
194
874
97
388
291
97
1165
486
194
97
97
486
1165
1262
388
291
97
97
194
195
194
97
97
970
291
1068
388
194
97
195
583
1068
1554
291
97
194
485
1650
194
194
194
97
97
98
97
292
1262
194
777
292
291
97
0
194
194
194
291
1262
194
873
388
97
97
194
98
194
97
971
98
389
292
583
583
291
388
97
194
292
195
98
777
195
292
194
1456
291
485
874
389
194
194
194
389
194
195
971
582
194
97
680
291
97
1456
194
679
194
194
680
388
97
97
97
291
777
97
194
194
388
388
195
291
1359
195
292
195
292
1164
97
194
680
582
194
97
97
97
194
389
195
680
485
485
97
194
582
195
97
291
388
194
583
388
1068
291
194
194
194
97
291
194
97
388
291
680
194
1068
97
194
680
0
194
1845
291
195
195
194
97
1456
194
388
194
679
97
195
194
194
97
194
777
1068
388
194
291
194
195
97
97
1359
194
292
1165
97
291
195
194
194
194
194
777
389
874
0
194
291
194
1068
873
388
291
194
98
194
485
97
777
582
194
194
583
