582
291
291
194
291
389
291
291
97
388
97
292
388
291
194
291
389
291
388
292
291
388
291
291
292
388
194
583
194
291
194
291
291
291
194
291
194
291
291
291
291
291
291
97
388
194
194
0
194
194
292
97
194
291
389
194
291
389
291
291
97
582
291
97
388
291
389
194
291
292
194
195
97
291
389
388
291
388
388
97
291
97
485
97
291
97
389
194
291
292
291
291
389
291
388
195
194
291
194
194
194
194
292
291
97
194
388
97
194
389
194
291
292
291
291
292
485
291
194
194
97
389
291
388
389
291
291
389
0
194
583
291
194
292
97
291
388
97
194
97
194
388
0
194
292
291
291
389
388
195
291
388
292
291
0
194
194
291
291
291
291
194
291
291
291
291
291
291
291
388
97
291
97
291
389
97
291
291
97
194
97
291
195
291
97
583
291
291
0
194
292
194
291
194
195
291
291
292
291
291
194
195
291
194
291
291
485
291
292
291
194
97
97
291
291
194
292
194
194
194
291
194
291
194
194
291
388
0
389
194
291
291
194
194
291
97
194
291
194
194
291
388
97
194
97
291
194
194
97
679
292
0
291
291
98
291
194
291
195
97
291
194
292
97
291
291
194
194
194
97
291
195
388
291
195
291
291
194
97
291
194
388
292
291
291
292
194
388
97
292
291
291
12328
194
291
291
291
194
98
582
194
195
291
194
291
291
291
194
292
97
0
291
389
291
97
291
194
97
291
388
486
291
291
291
291
97
97
0
291
194
194
291
292
291
291
291
98
194
194
194
292
679
291
0
291
291
292
194
194
291
195
194
97
194
291
292
194
194
291
97
194
194
194
583
194
194
195
97
194
291
292
194
97
194
195
194
194
194
97
195
194
194
97
97
97
97
388
194
195
582
291
0
194
194
0
97
194
195
291
194
194
292
291
194
194
195
291
291
194
98
291
388
194
388
97
194
291
194
291
388
292
291
194
194
194
194
194
389
388
194
486
97
291
194
195
194
0
97
291
292
0
194
194
0
292
194
194
291
194
388
291
195
194
194
388
195
194
0
291
194
291
194
97
194
291
194
194
194
194
194
194
292
291
97
194
291
194
291
194
97
873
194
291
194
291
194
388
194
0
97
389
194
194
291
291
291
194
97
195
291
